4 13 6 9 8 5 15 16 10 7 1 3 2 12 14 11 
16 1 7 14 10 6 9 2 11 4 5 12 8 13 3 15 
10 8 2 12 7 3 1 11 15 9 14 13 5 16 4 6 
5 11 3 15 12 4 14 13 16 8 2 6 1 7 10 9 
7 9 12 11 1 16 13 8 14 3 15 2 4 5 6 10 
3 15 1 5 6 14 11 4 13 10 16 9 7 2 12 8 
13 16 4 10 2 7 3 12 6 5 8 11 14 9 15 1 
14 2 8 6 9 10 5 15 1 12 7 4 13 11 16 3 
11 6 14 13 3 2 4 9 7 16 10 1 15 8 5 12 
12 5 9 1 16 8 7 10 2 13 4 15 6 3 11 14 
8 10 16 4 13 15 12 14 3 11 6 5 9 1 7 2 
2 3 15 7 11 1 6 5 9 14 12 8 16 10 13 4 
6 12 11 16 4 13 2 7 8 1 3 14 10 15 9 5 
15 7 10 3 14 11 8 6 5 2 9 16 12 4 1 13 
1 4 5 8 15 9 10 3 12 6 13 7 11 14 2 16 
9 14 13 2 5 12 16 1 4 15 11 10 3 6 8 7 
